                                                            [0m
            [38;2;147;212;255m▄[38;2;152;191;251m▄[38;2;158;194;251m▄[38;2;158;192;251m▄[38;2;157;191;250m▄[38;2;157;190;250m▄[38;2;157;189;250m▄[38;2;156;188;250m▄[38;2;156;187;249m▄[38;2;156;186;249m▄[38;2;156;185;249m▄[38;2;155;184;248m▄[38;2;155;183;248m▄[38;2;155;182;248m▄[38;2;154;180;247m▄[38;2;154;179;247m▄[38;2;154;178;247m▄[38;2;154;177;246m▄[38;2;153;176;246m▄[38;2;153;175;246m▄[38;2;153;174;245m▄[38;2;152;173;245m▄[38;2;152;172;245m▄[38;2;152;171;244m▄[38;2;152;170;244m▄[38;2;151;168;244m▄[38;2;151;167;244m▄[38;2;151;166;243m▄[38;2;150;165;243m▄[38;2;150;164;243m▄[38;2;150;163;242m▄[38;2;150;162;242m▄[38;2;149;161;242m▄[38;2;149;160;241m▄[38;2;150;159;241m▄[38;2;167;183;255m▄            [0m
           [38;2;117;198;255m█[38;2;96;156;248m█[38;2;128;174;248m█[38;2;60;130;244m█[38;2;59;129;244m▀[38;2;60;128;244m▀[38;2;60;126;243m▀[38;2;60;125;243m▀[38;2;61;124;242m▀[38;2;61;123;242m▀[38;2;61;121;241m▀[38;2;61;120;241m▀[38;2;62;119;240m▀[38;2;62;117;240m▀[38;2;101;181;255m█[38;2;76;126;245m█[38;2;60;110;226m█[38;2;95;134;240m█[38;2;129;157;242m█[38;2;132;158;244m█[38;2;91;128;236m█[38;2;61;104;224m█[38;2;77;117;244m█[38;2;105;167;255m█[38;2;63;102;233m▀[38;2;63;100;232m▀[38;2;64;99;232m▀[38;2;64;98;231m▀[38;2;64;97;231m▀[38;2;65;96;230m▀[38;2;65;94;230m▀[38;2;65;93;229m▀[38;2;65;92;229m▀[38;2;66;90;229m▀[38;2;70;90;224m█[38;2;142;152;238m█[38;2;112;124;236m█[38;2;154;172;255m█           [0m
         [38;2;103;174;255m▄[38;2;91;153;248m█[38;2;66;132;232m█[38;2;80;142;243m█[38;2;120;168;248m█[38;2;88;146;246m█[38;2;115;242;255m▄       [38;2;117;176;255m▄[38;2;60;107;205m▄[38;2;64;117;230m█[38;2;86;127;221m█[38;2;122;152;236m█[38;2;99;135;240m█[38;2;76;127;255m█[38;2;78;123;255m█[38;2;109;138;241m█[38;2;126;150;234m█[38;2;88;120;222m█[38;2;72;110;231m█[38;2;70;102;209m▄[38;2;132;170;255m▄       [38;2;103;133;255m▄[38;2;110;124;233m█[38;2;126;136;238m█[38;2;88;100;218m█[38;2;88;98;214m█[38;2;113;122;241m█[38;2;136;144;255m▄         [0m
       [38;2;175;255;255m▄[38;2;108;181;255m█[38;2;80;142;238m█[38;2;51;122;229m█[38;2;52;134;255m▀ [38;2;96;150;246m█[38;2;128;170;248m█[38;2;67;137;255m█    [38;2;94;147;255m▄[38;2;111;181;255m█[38;2;59;122;248m█[38;2;41;95;200m▀[38;2;137;207;255m█[38;2;162;194;255m█[38;2;98;134;240m█[38;2;81;135;255m█[38;2;91;155;255m▀  [38;2;85;133;255m▀[38;2;83;123;255m█[38;2;109;134;240m█[38;2;172;193;255m█[38;2;155;197;255m█[38;2;53;85;198m▀[38;2;71;104;236m█[38;2;66;91;203m▄[38;2;111;136;255m▄    [38;2;74;92;234m█[38;2;140;148;238m█[38;2;114;123;240m█ [38;2;70;82;219m▀[38;2;74;84;214m█[38;2;102;108;227m█[38;2;142;147;255m█        [0m
      [38;2;97;163;255m▄[38;2;90;151;246m█[38;2;65;130;230m█[38;2;57;145;255m█   [38;2;132;203;255m█[38;2;120;162;246m█[38;2;92;142;244m█[38;2;75;142;255m▄[38;2;84;135;243m▄[38;2;89;152;255m█[38;2;62;136;255m█[38;2;39;100;214m▀ [38;2;201;240;255m▄[38;2;164;196;255m█[38;2;98;134;238m█[38;2;82;139;255m█[38;2;95;162;255m▀      [38;2;89;131;255m▀[38;2;86;119;255m█[38;2;109;129;237m█[38;2;187;203;255m█[38;2;243;255;255m▄ [38;2;53;79;202m▀[38;2;74;102;251m█[38;2;112;136;255m█[38;2;101;117;253m▄[38;2;96;121;255m█[38;2;112;120;231m█[38;2;124;130;236m█[38;2;191;204;255m█  [38;2;106;122;255m▀[38;2;71;79;235m█[38;2;88;92;218m█[38;2;111;112;235m█[38;2;127;125;255m▄      [0m
    [38;2;150;252;255m▄[38;2;103;172;255m█[38;2;81;142;238m█[38;2;52;121;229m█[38;2;54;135;255m▀    [38;2;92;146;254m▄[38;2;97;144;244m█[38;2;130;166;246m█[38;2;64;118;240m█[38;2;46;119;255m▀  [38;2;198;237;255m▄[38;2;162;196;255m█[38;2;98;133;238m█[38;2;88;148;255m█[38;2;101;173;255m▀          [38;2;96;132;255m▀[38;2;92;118;255m█[38;2;108;123;234m█[38;2;187;199;255m█[38;2;238;250;255m▄  [38;2;101;125;255m█[38;2;75;87;224m█[38;2;138;143;236m█[38;2;111;117;234m█[38;2;103;109;244m▄    [38;2;72;76;226m▀[38;2;77;78;213m█[38;2;104;102;224m█[38;2;135;130;255m█[38;2;242;226;255m▄    [0m
   [38;2;94;157;255m▄[38;2;90;149;246m█[38;2;66;129;230m█[38;2;57;142;255m█  [38;2;154;250;255m▄[38;2;72;126;227m▄[38;2;78;140;255m█[38;2;56;116;227m█[38;2;45;102;207m▀[38;2;111;164;255m█[38;2;118;156;244m█[38;2;94;138;242m█[38;2;84;150;255m█[38;2;198;238;255m▄[38;2;160;193;255m█[38;2;98;134;237m█[38;2;91;152;255m█[38;2;108;185;255m▀              [38;2;103;130;255m▀[38;2;95;114;255m█[38;2;110;120;233m█[38;2;184;191;255m█[38;2;207;213;255m▄[38;2;75;88;254m█[38;2;114;120;230m█[38;2;122;125;234m█[38;2;143;148;255m█[38;2;53;62;193m▀[38;2;69;74;210m█[38;2;97;101;255m█[38;2;89;90;220m▄[38;2;193;187;255m▄ [38;2;133;131;255m▀[38;2;80;75;238m█[38;2;90;84;214m█[38;2;110;102;229m█[38;2;123;112;255m▄   [0m
 [38;2;139;230;255m▄[38;2;98;163;255m█[38;2;91;148;246m█[38;2;71;133;236m█[38;2;73;141;255m█[38;2;98;157;255m▄[38;2;89;142;245m▄[38;2;85;141;248m█[38;2;67;120;224m█[38;2;69;127;242m█[38;2;103;156;255m▄[38;2;102;154;255m▄[38;2;102;152;255m▄[38;2;148;217;255m█[38;2;95;136;242m█[38;2;125;156;242m█[38;2;117;146;237m█[38;2;122;150;240m█[38;2;95;131;239m█[38;2;126;182;255m█[38;2;134;163;255m▄[38;2;134;162;255m▄[38;2;134;160;255m▄[38;2;134;158;255m▄[38;2;134;157;255m▄[38;2;134;156;255m▄[38;2;133;155;255m▄[38;2;133;154;255m▄[38;2;133;152;255m▄[38;2;133;151;255m▄[38;2;133;149;255m▄[38;2;133;148;255m▄[38;2;133;147;255m▄[38;2;133;145;255m▄[38;2;133;144;255m▄[38;2;132;143;255m▄[38;2;132;142;255m▄[38;2;132;141;255m▄[38;2;122;135;255m█[38;2;101;109;233m█[38;2;126;130;233m█[38;2;118;122;229m█[38;2;128;130;232m█[38;2;107;110;232m█[38;2;108;109;244m▄[38;2;111;111;251m▄[38;2;111;110;251m▄[38;2;107;109;255m█[38;2;79;77;213m█[38;2;84;80;211m█[38;2;102;96;236m█[38;2;103;95;228m▄[38;2;112;102;250m▄[38;2;89;79;230m█[38;2;90;80;216m█[38;2;108;96;226m█[38;2;128;112;255m█[38;2;212;183;255m▄ [0m
 [38;2;76;138;236m▀[38;2;62;126;231m█[38;2;60;123;227m█[38;2;59;120;224m█[38;2;58;118;222m█[38;2;60;117;222m█[38;2;61;121;232m█[38;2;62;120;232m█[38;2;62;119;232m█[38;2;62;118;232m█[38;2;63;118;232m█[38;2;64;116;233m█[38;2;64;115;233m█[38;2;64;114;233m█[38;2;62;109;222m█[38;2;68;110;220m█[38;2;84;123;235m█[38;2;78;117;230m█[38;2;76;113;228m█[38;2;78;116;235m█[38;2;79;114;235m█[38;2;79;113;234m█[38;2;79;111;234m█[38;2;79;110;234m█[38;2;79;109;233m█[38;2;79;108;233m█[38;2;80;106;232m█[38;2;80;105;232m█[38;2;80;104;231m█[38;2;80;103;231m█[38;2;81;102;230m█[38;2;81;101;230m█[38;2;81;100;229m█[38;2;81;98;229m█[38;2;81;96;228m█[38;2;81;95;228m█[38;2;81;94;227m█[38;2;82;93;227m█[38;2;82;92;226m█[38;2;80;89;218m█[38;2;82;88;221m█[38;2;86;90;224m█[38;2;77;82;214m█[38;2;76;79;216m█[38;2;80;81;227m█[38;2;80;80;227m█[38;2;80;79;227m█[38;2;80;78;226m█[38;2;81;77;226m█[38;2;81;75;225m█[38;2;81;74;225m█[38;2;81;72;224m█[38;2;78;68;209m█[38;2;77;66;208m█[38;2;79;66;208m█[38;2;80;65;211m█[38;2;82;65;214m█[38;2;98;82;224m▀ [0m
   [38;2;53;118;234m▀[38;2;57;118;231m█[38;2;58;114;222m█[38;2;69;118;228m█[38;2;82;140;255m█[38;2;74;124;245m▄       [38;2;59;107;242m█[38;2;72;111;228m█[38;2;80;116;238m█[38;2;79;110;228m█[38;2;79;110;238m▄                  [38;2;116;122;255m█[38;2;80;84;217m█[38;2;78;82;226m█[38;2;73;76;216m█[38;2;79;81;255m█       [38;2;76;64;211m▄[38;2;83;68;239m█[38;2;75;61;204m█[38;2;71;58;196m█[38;2;74;56;213m█[38;2;73;54;216m▀   [0m
     [38;2;55;113;232m▀[38;2;60;114;231m█[38;2;71;119;232m█[38;2;73;118;228m█[38;2;66;111;222m█[38;2;86;143;255m█[38;2;82;129;255m▄     [38;2;60;102;239m█[38;2;76;109;228m█[38;2;80;112;237m█[38;2;82;110;232m█[38;2;86;115;243m█[38;2;94;124;255m▄              [38;2;93;97;236m▄[38;2;86;89;221m█[38;2;84;86;220m█[38;2;78;80;227m█[38;2;75;76;216m█[38;2;79;79;255m█     [38;2;83;72;232m▄[38;2;85;73;247m█[38;2;72;61;198m█[38;2;81;68;210m█[38;2;81;66;216m█[38;2;75;57;216m█[38;2;73;54;216m▀     [0m
       [38;2;56;109;231m▀[38;2;61;109;229m█[38;2;73;116;232m█[38;2;72;113;228m█[38;2;69;116;243m█[38;2;62;106;226m█[38;2;96;147;255m█[38;2;92;131;255m▄   [38;2;62;100;241m█[38;2;79;108;228m█[38;2;81;108;236m█[38;2;80;106;228m█[38;2;70;96;212m█[38;2;95;120;255m█[38;2;116;143;255m▄          [38;2;100;106;255m▄[38;2;94;98;236m█[38;2;76;80;208m█[38;2;82;84;219m█[38;2;78;78;226m█[38;2;77;76;217m█[38;2;82;80;255m█   [38;2;90;81;241m▄[38;2;93;82;255m█[38;2;68;60;204m█[38;2;72;62;209m█[38;2;80;68;212m█[38;2;82;66;218m█[38;2;75;57;217m█[38;2;74;54;219m▀       [0m
         [38;2;57;104;229m▀[38;2;61;104;227m█[38;2;75;113;232m█[38;2;107;155;255m█[38;2;105;170;255m█[38;2;57;93;202m▀[38;2;67;103;222m█[38;2;114;157;255m█[38;2;102;135;255m▄ [38;2;62;95;235m█[38;2;80;106;228m█[38;2;83;106;234m█[38;2;72;95;223m█[38;2;52;79;198m█[38;2;76;96;216m█[38;2;113;135;255m█[38;2;178;210;255m▄      [38;2;115;120;255m▄[38;2;97;102;254m█[38;2;76;82;210m█[38;2;62;67;210m█[38;2;79;80;218m█[38;2;79;78;226m█[38;2;78;76;218m█[38;2;81;77;255m█ [38;2;97;90;255m▄[38;2;103;95;255m█[38;2;68;63;202m█[38;2;58;53;177m▀[38;2;102;86;255m█[38;2;100;83;255m█[38;2;83;67;218m█[38;2;75;57;219m█[38;2;75;55;222m▀         [0m
           [38;2;58;98;226m▀[38;2;63;100;227m█[38;2;76;109;231m█[38;2;115;157;255m█[38;2;140;187;255m▄[38;2;61;110;255m▀[38;2;62;91;201m▀[38;2;69;97;220m█[38;2;78;104;237m█[38;2;62;86;216m█[38;2;82;102;228m█[38;2;84;102;234m█[38;2;99;125;255m█[38;2;44;70;196m▀[38;2;58;78;196m█[38;2;82;96;222m█[38;2;88;98;238m▄   [38;2;150;157;255m▄[38;2;107;112;255m█[38;2;80;84;215m█[38;2;65;70;211m█[38;2;68;74;246m▀[38;2;96;95;255m█[38;2;79;76;226m█[38;2;80;76;218m█[38;2;69;64;212m█[38;2;89;84;247m█[38;2;70;65;203m█[38;2;59;56;177m▀[38;2;78;71;255m▀[38;2;111;92;255m▄[38;2;102;86;255m█[38;2;84;68;219m█[38;2;76;57;222m█[38;2;76;56;225m▀           [0m
             [38;2;59;94;225m▀[38;2;64;94;225m█[38;2;78;104;230m█[38;2;113;144;255m█[38;2;136;171;255m▄ [38;2;61;99;255m▀[38;2;54;78;198m▀[38;2;62;83;220m█[38;2;83;100;228m█[38;2;86;100;232m█[38;2;100;114;255m▄ [38;2;68;94;255m█[38;2;66;78;197m█[38;2;88;96;233m█[38;2;91;97;248m▄[38;2;128;133;255m█[38;2;83;86;221m█[38;2;65;70;201m█[38;2;56;61;203m▀ [38;2;105;103;255m█[38;2;80;76;225m█[38;2;82;77;219m█[38;2;65;60;212m█[38;2;55;52;178m▀[38;2;71;66;255m▀ [38;2;107;91;255m▄[38;2;101;85;253m█[38;2;84;68;219m█[38;2;76;57;224m█[38;2;77;57;229m▀             [0m
               [38;2;60;89;223m▀[38;2;65;90;223m█[38;2;80;100;228m█[38;2;113;137;255m█[38;2;132;158;255m▄  [38;2;70;87;234m█[38;2;84;96;228m█[38;2;88;98;232m█[38;2;113;123;255m▄ [38;2;71;93;255m▀[38;2;72;78;212m█[38;2;84;87;224m█[38;2;70;74;204m█[38;2;65;69;215m█  [38;2;117;112;255m█[38;2;81;76;224m█[38;2;83;76;220m█[38;2;86;77;255m█  [38;2;106;90;255m▄[38;2;101;86;249m█[38;2;84;68;218m█[38;2;77;58;227m█[38;2;78;58;232m▀               [0m
                 [38;2;62;84;223m▀[38;2;65;84;222m█[38;2;81;96;226m█[38;2;109;124;255m█[38;2;123;137;255m▄ [38;2;72;84;233m█[38;2;85;92;227m█[38;2;90;96;230m█[38;2;85;89;229m▄[38;2;89;91;237m█[38;2;74;78;208m█[38;2;63;68;218m█[38;2;54;58;189m█[38;2;80;80;210m█[38;2;115;109;255m█[38;2;126;117;255m█[38;2;82;75;224m█[38;2;83;76;220m█[38;2;89;77;255m█ [38;2;105;92;255m▄[38;2;101;87;240m█[38;2;84;69;218m█[38;2;77;58;228m█[38;2;81;59;239m▀                 [0m
                   [38;2;64;79;221m▀[38;2;67;79;220m█[38;2;80;90;220m█[38;2;104;112;255m█[38;2;107;112;255m▄[38;2;71;78;221m█[38;2;85;88;226m█[38;2;92;92;229m█[38;2;72;74;215m█[38;2;61;66;220m▀  [38;2;47;48;178m▀[38;2;74;69;203m█[38;2;83;75;223m█[38;2;83;74;220m█[38;2;79;67;234m█[38;2;96;83;232m▄[38;2;98;85;230m█[38;2;84;70;216m█[38;2;78;59;233m█[38;2;82;60;244m▀                   [0m
                     [38;2;66;75;221m▀[38;2;67;74;219m█[38;2;78;82;214m█[38;2;77;78;208m█[38;2;71;72;210m█[38;2;86;85;226m█[38;2;93;90;231m█[38;2;159;148;255m▄  [38;2;110;99;255m▄[38;2;84;74;221m█[38;2;83;72;220m█[38;2;70;59;204m█[38;2;80;68;201m█[38;2;82;66;212m█[38;2;79;59;234m█[38;2;87;64;255m▀                     [0m
                       [38;2;67;70;222m▀[38;2;70;70;219m█[38;2;72;71;210m█[38;2;74;70;211m█[38;2;86;81;225m█[38;2;94;87;236m█ [38;2;102;91;255m▄[38;2;84;73;220m█[38;2;82;70;221m█[38;2;74;60;210m█[38;2;77;62;210m█[38;2;79;59;236m█[38;2;86;63;255m▀                       [0m
                         [38;2;70;67;225m▀[38;2;68;62;217m█[38;2;76;68;210m█[38;2;88;78;224m█[38;2;82;73;215m█[38;2;74;63;204m█[38;2;82;68;221m█[38;2;74;59;210m█[38;2;79;59;235m█[38;2;87;64;255m▀                         [0m
                           [38;2;72;61;225m▀[38;2;83;71;221m█[38;2;84;70;222m█[38;2;82;66;220m█[38;2;82;65;232m█[38;2;85;64;255m▀                           [0m
                             [38;2;100;83;244m▀[38;2;106;86;255m▀                             [0m

         ▗▄▄▖▗▄▄▄▖▗▖  ▗▖     ▗▄▖ ▗▄▄▄ ▗▖  ▗▖▗▄▄▄▖▗▖  ▗▖
        ▐▌   ▐▌   ▐▛▚▞▜▌    ▐▌ ▐▌▐▌  █▐▛▚▞▜▌  █  ▐▛▚▖▐▌
        ▐▌▝▜▌▐▛▀▀▘▐▌  ▐▌    ▐▛▀▜▌▐▌  █▐▌  ▐▌  █  ▐▌ ▝▜▌
        ▝▚▄▞▘▐▙▄▄▖▐▌  ▐▌    ▐▌ ▐▌▐▙▄▄▀▐▌  ▐▌▗▄█▄▖▐▌  ▐▌
